60 130
73
34 6 18 114
13 3 24 29
13 5 47 26
10 12 50 5
10 12 50 79
6 7 44 89
6 15 35 90
25 7 24 3
25 15 0 93
21 12 37 51
16 7 34 10
16 5 38 63
21 3 0 66
21 5 31 120
5 7 51 34
5 5 47 125
4 1 54 129
4 10 56 35
6 13 52 116
12 13 37 71
12 9 48 17
23 6 9 72
7 3 8 119
7 5 34 109
2 1 58 129
2 10 58 119
6 6 10 113
6 5 13 30
14 7 10 9
14 6 20 16
16 3 18 111
16 5 44 109
14 6 0 124
14 5 36 84
14 13 41 96
3 2 8 122
3 7 51 44
11 2 10 62
11 7 13 23
6 7 54 63
6 6 49 73
33 14 2 79
12 4 35 126
12 3 40 68
16 18 35 33
12 3 48 0
12 18 21 52
4 4 51 92
4 3 51 41
3 1 40 89
3 2 57 114
6 9 4 108
6 9 3 69
6 1 53 3
6 2 20 70
5 7 42 26
5 18 55 91
3 9 57 70
3 9 26 120
9 18 25 93
6 5 29 125
6 2 50 71
2 12 58 50
2 9 16 112
8 3 51 31
8 9 17 121
10 9 38 17
3 5 8 25
3 2 32 34
3 18 33 61
3 7 14 123
2 3 58 116
2 9 8 9
